hqghu 28 62 84 45 75 71 97 
xfirc 34 42 73 32 62 
wkfnq 28 79 32 27 29 
ozvs 43 84 31 71 93 38 87 
gxrpnrvy 75 60 52 28 56 
yycq 60 79 80 60 
ffmzn 74 46 60 26 96 81 38 34 
enzkycxf 75 59 58 34 40 37 66 
adpooef 13 67 52 56 70 81 
vpvab 90 80 31 44 26 20 
fpbnpl 15 99 89 48 21 58 42 
yehwq 52 45 50 69 94 
ujjloo 66 24 50 16 91 
hmsncbx 48 70 18 47 27 48 53 
txdknly 66 45 91 90 39 59 66 38 
kkufnux 43 43 23 67 
nmgqooke 69 18 29 77 52 
augzqr 81 25 38 86 91 12 34 
jwayyz 89 82 94 76 21 58 72 
lfvgu 45 12 90 90 43 59 51 28 
ntrkd 35 98 26 97 97 32 
jwhdiz 82 15 35 24 89 71 72 
qijt 89 86 47 29 59 77 76 
ldvgylwg 94 34 11 96 
orxtl 22 18 42 75 93 46 71 
mgnkeuf 55 30 23 36 84 
gxpeyanf 43 74 42 18 78 
zshklj 54 94 94 54 82 99 53 90 
jenpev 12 45 52 30 63 77 42 
dzjazujl 82 55 63 55 81 42 62 
imwzob 60 20 65 63 11 30 96 87 
sksr 39 65 36 14 78 32 11 66 
zjeeuhm 97 20 46 20 
ijipfi 79 62 86 55 77 67 84 25 
navymm 36 57 41 35 45 14 80 
emuvnp 13 20 10 84 48 83 
zuxm 68 38 95 57 57 40 58 
punkdmbp 90 70 28 43 34 
opar 52 20 23 95 46 
oxytj 29 31 36 72 17 
dcprjb 75 89 32 76 75 93 52 84 
yuhrqzhn 35 87 88 95 78 
qqlrzjp 60 16 84 95 23 
exdz 27 84 76 23 16 65 42 28 
ojbrz 42 81 17 94 18 52 
ilefraa 37 92 42 15 
puuhgxpq 13 64 31 20 
axxmnsnh 25 98 52 67 99 46 11 47 
fzotcj 65 53 33 62 94 31 
dsmzcn 28 50 87 97 34 
frmxoth 24 82 69 43 
wucwl 19 43 92 48 
myhchz 12 96 58 69 
rxbgfc 48 68 70 71 
ugixwtb 33 27 90 69 75 85 38 
xifbxvf 68 12 78 30 81 
ckcotzg 38 77 46 93 
mbsz 74 98 43 39 47 26 94 25 
sjrxjhg 75 64 42 75 13 42 66 88 
qurpix 32 35 43 15 26 
veoow 68 62 15 55 61 
fnjh 80 40 92 44 13 
skuidub 33 46 68 64 87 83 29 98 
uyka 51 64 33 86 
zeztoid 70 12 93 61 29 18 19 28 
zzbfkqdp 19 42 98 57 30 61 34 
dhthxdj 40 31 84 97 25 85 85 
xamc 75 20 14 34 20 35 41 71 
pccl 47 52 86 79 23 28 81 
hrcq 10 41 95 24 91 93 17 
vgzedyy 23 16 30 46 19 37 98 49 
phmeckot 84 90 26 91 62 
ghfoz 11 85 92 83 91 46 38 58 
fxdyyg 89 44 76 60 63 36 92 74 
sodk 64 69 48 72 14 
mxrm 28 76 29 18 56 56 92 
qkcklzn 42 37 58 30 52 30 88 
wmyubzaz 47 18 17 98 91 
ydziv 60 50 37 62 
fmbi 26 84 46 48 49 98 43 
xdhp 14 70 15 24 37 82 41 
rxsvkhtq 56 77 28 73 86 34 
bhzjzujx 80 58 68 31 75 72 23 42 
wkegjccv 41 61 49 59 85 35 35 
qdjoo 64 19 70 85 43 29 31 
cgfieo 94 59 50 72 52 21 
sqme 60 34 52 11 
pxnvji 63 44 61 32 
nmkmnu 28 43 69 74 
cdwracgf 17 12 56 24 37 81 
odkjmjq 26 50 71 62 16 60 25 
mvfvuzwy 76 53 98 87 96 
lkjdu 68 85 98 37 
tlkmfqr 24 39 61 25 27 83 
ssqctyd 40 82 64 41 40 13 
prhtne 22 88 16 47 
cjwl 53 56 52 70 
earwtv 58 91 87 80 
iojlwhyp 75 45 36 46 
oswkify 35 20 89 57 32 
wyhsge 47 72 95 18 34 87 
ltjhgau 61 94 23 21 30 64 10 
fwkjsm 99 35 33 58 32 83 
zaauld 50 95 91 82 80 59 78 79 
vvriv 56 90 22 88 99 
vdrcygu 48 97 63 80 37 76 
ubnfgupr 52 82 51 14 73 
wqxkzm 28 42 87 14 
hcmh 59 23 88 55 21 95 
kamhu 70 67 69 61 35 78 
lvgrz 62 93 59 54 98 25 41 
eojomon 59 46 34 51 89 62 
nrnnz 52 66 11 47 
edrwu 15 75 93 91 78 28 
wjtboxv 39 13 15 84 
tcenau 11 41 37 55 
dmvzcaut 12 46 36 45 58 14 10 13 
sxttob 66 32 81 26 11 21 
jgoj 74 79 78 24 83 
bfcpyp 46 38 70 51 
ddzwr 35 93 24 30 63 
xvobt 19 91 52 76 71 67 
frcc 60 45 51 38 53 26 38 38 
bsqfc 59 38 59 84 99 98 27 65 
sqsgh 10 89 95 96 39 10 20 
flbgs 77 27 44 66 27 
rupc 18 23 95 77 91 
pqugriwn 68 75 69 67 41 53 34 
xfblkp 53 64 64 25 
jmtk 66 23 13 90 70 
nlmbupm 41 73 29 63 
dmpdsyds 15 65 31 68 69 
mwbor 35 12 30 46 97 72 
skmkhss 33 27 70 35 12 10 87 15 
hgbib 35 29 62 56 35 
fovius 18 57 94 20 70 15 79 
dzujtlnt 62 33 13 89 67 
tlggky 39 52 64 99 60 75 87 
lqadojsk 31 45 71 40 
hjmbocl 26 63 28 75 79 73 
cldv 97 69 84 11 27 48 
zwyy 23 68 24 11 63 90 
lvrglfzd 65 61 55 80 55 
uoffv 18 79 92 88 64 52 47 
moij 44 43 95 18 44 41 90 43 
ckwvnhk 69 78 13 65 
vygkji 22 43 85 84 
muudq 91 22 34 99 49 23 67 66 
qxkj 37 61 46 35 50 41 
aeedfuu 70 56 81 31 59 10 34 42 
vfepv 63 71 83 15 66 39 85 
ukxffjps 88 88 81 19 78 21 
hevryxo 77 76 61 77 63 
owgr 70 87 52 80 19 
qlah 80 18 58 81 85 
djhmlt 17 19 13 46 73 88 
keutg 21 92 99 65 
rjkpx 25 80 89 72 61 53 63 
unwo 85 17 53 93 60 33 80 
knhkwjo 22 38 39 22 23 10 
ucvzql 64 39 68 28 92 47 
bhrml 70 91 15 13 64 22 43 32 
gtoqnmic 88 45 93 32 73 30 41 97 
tuufa 73 93 42 48 43 14 50 22 
tcjg 86 96 18 10 45 38 
rtjxyaa 70 42 13 21 
crxuw 59 75 49 12 69 71 
kcpdmok 27 65 58 81 50 70 87 31 
lzsvx 50 34 43 82 83 11 20 
zpdpyz 93 86 33 91 
tcvfxsxp 10 68 61 95 81 67 41 
xytgok 68 35 80 28 79 
uqgndm 53 76 91 16 18 30 
abjrqge 45 95 16 71 74 79 53 
zuvldvy 24 18 57 38 99 
fzvrtno 66 39 63 13 31 74 11 34 
vafm 93 78 63 64 22 
mvubcw 83 84 79 14 95 66 
nepbhow 75 36 79 83 16 52 10 70 
tpixx 23 35 90 30 66 85 
wwtai 12 32 25 38 
leprx 15 88 71 95 
fvsd 26 54 41 47 
uyyf 55 25 12 35 
bglgzmb 19 67 66 33 91 95 
odtonpyz 42 13 60 88 87 42 
phpkxea 46 38 39 88 11 26 53 67 
qhkf 82 98 85 64 86 27 
fqgvpm 38 67 39 77 11 81 74 
zmpjjne 49 80 52 63 41 49 
buacclf 30 32 59 54 39 38 93 
uoxr 25 17 27 67 24 84 
gxxp 90 32 98 46 78 61 14 17 
wdmfn 76 22 18 10 29 18 50 
liqecihl 10 37 44 18 71 68 62 22 
wkkxl 61 63 86 54 25 72 42 
jebk 33 23 11 94 85 36 
atzbs 34 27 97 44 
nhyxw 92 15 10 83 22 32 16 
pannamx 23 69 17 92 31 53 52 80 
yhepwzol 48 50 81 21 54 77 
pnvgzmii 66 72 93 70 13 55 11 99 
tbqdx 78 82 14 56 53 
jvez 48 24 40 13 77 
kyertahn 97 13 66 34 
jicbm 84 66 33 74 25 50 72 50 
wjxpt 55 92 14 34 51 
wyucpab 34 36 77 11 38 71 12 51 
fnnbec 21 40 59 97 77 34 75 11 
bitll 83 29 76 93 87 
kexd 40 76 97 41 67 25 
yhtlqlbb 71 70 70 40 95 30 60 
ayyrba 70 98 19 89 87 39 49 
siyfsexw 14 72 70 64 94 63 66 99 
cdlpq 73 55 30 49 51 
ymkg 19 17 67 68 79 13 90 
mrpn 44 23 55 28 83 33 
itsspaq 21 95 47 12 62 87 
pyat 59 86 74 40 92 49 10 
amsvbmv 91 23 43 54 23 25 42 
kjiga 44 15 57 63 80 
vrbacu 88 66 14 55 
hbbx 57 49 71 21 64 70 
rbliriz 10 82 25 61 60 
weaafjeq 42 51 57 84 77 38 
uqmvh 32 64 31 85 54 70 96 36 
ptlzano 23 38 39 18 64 73 59 39 
jrrwb 23 92 28 93 93 28 
dkcr 25 61 62 70 88 86 85 
fvpz 24 58 25 70 
tqwwtbk 42 66 40 82 82 
ibyxr 73 58 73 45 21 53 
tbqexk 24 98 66 66 71 
aplqyjp 24 82 57 87 55 86 26 39 
lwnk 17 73 62 10 71 
fpir 46 28 61 15 78 75 63 43 
wxotak 53 32 51 90 65 
pkczlhw 62 70 61 61 76 
dcpl 94 83 67 57 60 69 61 
cyqt 72 13 87 77 73 
ffvpekk 42 84 44 53 
yjauteu 76 35 89 16 38 
hrxsxc 47 81 62 37 49 54 27 
aigay 16 22 20 14 28 
diam 19 14 35 93 92 91 17 94 
xxgvzqm 86 49 68 87 67 74 
hqnivfj 34 34 44 73 75 91 
gmopsrg 14 54 23 49 68 55 13 38 
spiha 31 70 36 21 
zwxbqmu 16 86 29 96 25 31 93 
mrgjqmv 60 44 93 11 95 
jvwzxss 77 27 25 32 76 
yjnjuwr 42 99 36 80 
yxcszp 60 95 82 51 77 
ltbsc 48 81 95 58 36 
aqigesjs 87 38 29 47 49 30 25 
wanrxrf 36 54 94 39 49 
jhxau 75 70 17 69 45 66 
hnjqrjs 70 44 29 98 25 48 90 
fhje 57 55 89 22 13 42 62 33 
jdpmo 77 68 10 18 38 41 22 
kztvjg 90 37 82 50 70 85 
hbjsuth 46 74 44 85 59 32 84 
yeozluhm 82 53 57 42 
rhcr 65 86 17 39 40 18 
xsuf 75 88 48 72 38 
khuh 83 75 36 19 74 64 45 
ydwpbszx 93 97 62 96 49 41 70 
mlun 94 76 87 26 53 
fcbtsepl 28 26 19 78 61 55 66 
oysr 46 94 90 63 94 71 30 
mfev 55 76 98 46 
yhgdml 90 52 88 26 17 
prsk 62 59 16 25 46 44 
kbse 91 72 16 24 77 90 18 22 
zwapqrvl 30 92 89 48 99 77 64 
zxxphq 46 51 91 34 49 38 96 39 
ioqrqe 16 91 19 33 
djiems 19 33 89 71 61 73 54 48 
mxxgdp 29 35 92 71 86 87 72 35 
iylbh 52 69 91 88 84 34 28 41 
mgoppr 28 65 34 92 
msyhg 94 96 96 17 
qbzx 71 59 40 67 46 
mitnqwt 92 99 26 85 73 
zghuti 56 45 90 36 
rnuw 70 56 32 70 90 
uiva 80 94 99 24 30 
kmaalk 86 98 75 61 40 
ovty 13 55 40 68 67 60 35 63 
wxqm 29 33 57 89 13 69 83 80 
nxtezn 44 76 87 61 59 24 
fqmwh 57 38 64 92 60 86 
ijsu 42 74 74 84 20 55 
kwyw 61 87 65 85 35 64 58 
bmjahtpu 38 92 49 87 29 
muegyrhl 39 57 78 14 29 
rwvhs 55 46 64 77 54 14 68 76 
tozo 67 73 24 35 87 47 35 
ddndo 83 74 40 92 
zioiuozx 11 30 95 30 94 
roqrdqw 81 41 49 81 
podi 28 41 68 47 65 66 
cwvapt 45 94 53 97 
yytkwwq 71 62 46 16 42 74 93 
aihf 35 98 10 11 
uuyyhtg 88 39 61 76 82 72 61 
utoeunf 27 86 19 15 
bsywzt 70 23 77 76 21 25 82 
xrjv 23 36 86 48 
kbem 48 39 56 72 75 
mkwdehf 55 52 44 49 62 17 
cmpe 91 30 10 81 47 83 65 
bryye 13 56 97 75 62 15 
wqnkq 15 85 18 10 20 34 14 22 
kwtczn 43 48 37 61 25 61 89 69 
dyzvahn 38 75 29 26 69 93 81 
jpqsu 90 98 69 35 80 44 76 
kvrjbfr 23 44 62 37 17 
rwdnpos 95 96 93 23 92 69 19 16 
vppazhl 59 56 55 12 92 93 77 60 
tsjpynzf 48 61 38 19 
xmwhh 96 94 11 55 62 71 77 65 
uzififrt 10 30 70 48 35 42 
qbnskwz 62 92 17 80 78 24 
ursqgs 85 75 33 67 
jzumig 89 61 86 57 
kfluwzk 37 96 84 40 41 
smfauwi 42 49 71 22 14 13 89 99 
hwmhlv 24 75 54 46 99 38 96 48 
stneui 94 93 55 86 16 12 
gnmik 96 36 42 42 65 26 75 72 
pdqsvmte 83 13 37 53 13 
bafb 78 45 56 90 21 48 
ylbiimof 43 40 92 59 73 
tywqzapk 44 16 93 64 32 58 83 
tmdhzxl 29 81 47 16 72 45 92 32 
qznbhyc 58 59 60 86 24 
iann 11 48 38 64 24 97 23 72 
vgzjwobl 76 48 15 94 
jlniv 12 42 99 51 77 95 
thyn 50 81 98 90 16 18 24 
fisg 75 44 36 52 
pipytdba 35 84 38 39 92 58 46 
gsddpqk 79 68 97 38 23 31 53 20 
epagw 37 96 76 40 75 62 60 
bcihpq 80 18 35 57 62 24 12 
akvlavks 85 17 74 17 
vqidht 38 19 16 70 19 60 
phkuh 73 34 27 59 16 29 20 47 
rutk 50 69 77 73 53 17 
ydxvko 12 74 76 40 23 85 62 57 
bafaz 28 27 58 54 20 62 39 80 
ckqa 36 99 88 93 89 65 87 10 
iwtmh 73 72 68 95 95 
mmxtyvo 47 81 48 83 96 83 
ybjzoxh 14 13 69 91 69 72 66 20 
ottcjt 98 46 28 33 
kcdb 48 26 80 55 86 73 98 69 
chznp 95 44 58 28 44 41 
hoync 68 80 95 83 74 43 37 
iocf 79 98 87 19 
lffb 23 71 26 69 11 74 
jwocyh 90 51 43 21 31 99 
rrrllktc 19 45 74 95 45 60 63 
awonyd 30 23 50 16 65 64 20 
imcnlhq 59 90 20 30 
munmax 68 14 76 66 96 
cofqbk 72 21 26 50 27 56 70 80 
zayi 79 56 23 46 88 94 21 
ztkgz 84 30 55 87 86 60 
exrnnxsk 26 95 61 20 34 69 99 25 
lnissam 52 17 23 91 35 
nviltkoi 37 82 50 28 98 36 50 42 
xhrdjzz 92 65 46 92 10 
vnvsl 71 72 92 16 21 
drnl 22 95 57 42 41 
tagien 69 33 21 34 11 64 23 90 
ulncaqpt 25 90 78 83 85 51 25 
ddbmiva 33 31 34 42 
jdhi 12 46 60 75 32 34 72 33 
tafrsvp 57 54 69 88 18 58 50 
ztwdyruu 78 86 33 89 38 43 
vcvo 25 84 48 45 33 61 
mquiop 28 45 62 92 32 
dapdz 89 66 99 55 80 46 
rojnol 92 32 61 10 
vjiqswr 74 64 19 90 79 
vdqamn 71 66 93 10 
ohskkef 41 51 15 70 75 51 
ulnlwx 54 24 59 95 50 85 11 
eqwapb 53 77 20 55 76 70 68 75 
tpouah 69 25 39 49 
beplt 19 78 24 23 14 74 60 
jmbvb 59 35 18 51 
batkhq 24 38 15 61 93 45 41 
fuikwafk 36 16 86 40 69 67 49 
pkdeyhok 98 76 42 43 58 49 
hhhugjz 93 72 30 52 
ipbnciz 50 68 56 68 69 
lljreqtk 82 33 97 43 31 55 
lsrwxocc 97 12 31 12 26 77 30 38 
ijvcwnp 45 51 61 30 88 41 12 
ohqjhrag 60 17 92 18 80 85 59 78 
frdrxjst 24 87 62 41 24 96 42 37 
hcbkp 14 46 28 95 98 75 39 
ipfbkt 92 77 69 56 
oevn 13 85 79 57 49 31 
bgyw 61 15 46 79 21 
xqtekiw 16 61 67 53 81 54 29 
lfibdv 72 26 87 53 17 99 
bykvvrgk 49 26 77 59 69 
sizxhrev 51 62 46 76 73 37 
ugroohrh 93 22 79 52 19 47 
jhyezkyh 11 49 10 54 57 65 19 
eacc 24 24 91 84 
vfhqfa 20 47 13 71 21 
eevdgga 45 12 66 90 64 
eyrfcpx 48 95 20 26 75 66 
myhjmjti 13 60 11 14 
hwzizcy 54 32 98 85 28 92 77 
ygfvtq 85 14 34 95 29 
gibyzzki 59 15 86 59 51 14 82 
lwhq 18 73 83 95 91 
gppxoo 60 28 21 15 43 63 45 48 
lxnk 54 41 86 69 42 46 58 15 
afcuyv 66 18 28 57 28 65 
pjjwaknk 61 47 31 60 87 87 
nwkxgkfy 79 68 90 43 
ysplkhj 10 27 64 38 64 49 
vphjbjy 15 59 17 19 33 97 15 
vbem 92 21 13 19 20 
qmgzag 74 62 40 76 36 74 66 21 
cynkhto 51 36 97 25 14 10 72 13 
oilfuld 37 85 25 32 29 75 28 49 
ecxepk 77 83 52 23 25 86 
hmjy 14 42 87 55 89 
sdcpj 12 95 87 58 
dvkxglli 22 76 40 89 92 95 
kdqrk 92 21 69 87 51 26 24 83 
hptzi 30 78 13 79 79 42 64 64 
nhpqyi 51 82 96 86 69 31 24 53 
caodakja 44 36 66 53 48 
wdzs 70 55 28 91 51 61 65 58 
mnimdlx 67 54 97 90 67 76 73 
ecxsjjbh 50 87 11 62 
denqm 62 33 33 13 41 90 
fotpik 66 46 83 24 
mikppzh 53 67 24 10 86 21 
iisyzwnh 88 43 87 14 
fmpdwo 58 36 80 87 68 41 
ndgcn 79 90 35 83 29 14 
mxiisne 83 42 90 58 26 24 96 
djplwzfm 26 54 35 40 66 12 
vkmw 23 14 49 81 95 
awpvapih 73 14 12 61 89 
rwhp 73 46 20 16 29 90 89 
wzhibnor 17 65 22 17 
zfhxunrk 68 77 91 31 94 33 45 
opfgax 66 99 89 31 91 
xbtumi 82 68 19 45 10 20 68 
gtziu 94 93 14 62 25 14 
kwny 43 88 78 39 31 
diogcseo 41 52 94 59 55 45 72 
yczcwmba 26 13 84 73 36 81 
ylonm 80 49 88 19 55 
yzaove 13 25 78 12 
kqjtxgve 20 68 35 23 
wplh 77 74 90 63 69 
ajey 84 73 44 62 36 
ijikcmdu 81 64 30 16 42 94 
sisiyp 91 79 47 52 45 
tsave 41 36 26 57 61 10 52 88 
jhkudnv 85 93 64 74 67 33 24 53 
lgexkt 20 43 11 53 36 31 
wptf 42 11 24 19 46 92 94 
mibructt 65 11 47 41 53 11 
hjwzw 94 93 56 32 65 29 
jkfrvkr 91 99 80 45 74 48 18 
qpktlmwx 51 25 32 34 
qelrw 94 79 72 19 96 99 31 53 
iull 20 25 67 60 39 79 80 11 
bhyffh 24 89 97 65 44 28 31 
indjdfp 42 65 40 41 
xlax 41 28 17 79 10 
vwxk 63 74 57 10 
jefl 28 78 73 23 65 
mgtujdcu 44 15 99 58 75 71 
tcpbnyf 70 95 54 56 60 
fptqmve 59 50 37 19 54 17 
lsqf 95 15 41 32 21 74 
vmljohz 75 10 86 51 
vlaygu 28 32 99 66 28 
tyvja 25 13 70 60 95 14 
jlrbr 74 32 48 30 64 51 96 
qrba 39 97 11 82 51 
ezpbw 41 35 83 70 
ldqgivl 89 76 41 62 61 40 
quyx 28 21 52 54 53 60 52 20 
mffs 93 59 37 84 
xesidrn 80 33 18 20 29 
zfpkduul 67 63 49 47 50 95 44 44 
bkure 75 42 61 67 77 76 
efbfhkzb 60 72 33 29 
zyspd 40 10 29 45 34 
jotjufs 42 21 15 43 
udpet 92 21 75 80 32 26 
snwlyr 57 77 68 58 24 80 33 
uhvh 50 39 43 23 75 17 
ewfquuh 98 86 85 22 72 63 
vzht 45 50 69 33 
vhbsn 79 51 57 55 89 34 97 25 
hiwf 98 45 59 44 80 43 47 
jtvqui 76 89 30 69 71 87 
cdjwikfa 88 50 47 14 
xssjluhl 86 74 73 58 
nsqf 15 79 34 32 67 30 38 
jobcfp 61 28 35 23 
kegeq 25 67 15 35 80 72 
cmerjmzi 87 19 80 92 92 44 67 27 
jnrt 55 61 35 87 14 13 77 
dsmvst 24 70 98 88 
knnrmqmj 14 33 22 86 
azfeurg 91 21 35 36 28 11 48 67 
ltmym 62 38 30 10 34 
uohfe 24 85 84 24 
azuvjox 64 29 72 40 18 60 47 
iwlcfyw 29 80 10 36 54 51 
xwjh 26 73 56 73 
xyoxb 24 68 51 37 21 39 
elxf 48 11 37 89 91 53 90 
svkvs 47 83 72 45 64 
gdvhcfm 54 41 49 18 27 
mhxlh 78 26 78 12 54 
lnfhg 89 62 60 81 35 25 59 
npinwlex 62 19 98 46 43 89 79 
jzqv 49 42 62 14 56 
zcrupmib 88 99 25 87 36 
aclmnuq 71 11 18 75 95 75 94 23 
vnfj 51 99 48 94 97 
kzzjqnaq 34 59 36 32 23 46 
takzrs 24 28 38 95 94 84 61 
jcjy 10 15 90 21 90 38 
urkxiy 52 59 98 85 56 26 51 30 
hyilthmo 69 91 36 87 17 67 
wpzhsv 27 63 21 65 11 67 58 
cfzn 18 70 78 42 
syvyr 59 74 41 25 68 10 48 55 
thfxsmx 87 70 25 24 62 
sgwthh 11 58 33 67 49 33 85 
xadtklh 79 18 31 57 83 96 68 
rueec 10 24 28 71 48 51 
mzgdtnh 46 29 65 35 12 
lgarygy 60 29 59 17 
rsthidz 36 76 55 19 81 34 
ktqcotch 80 99 18 31 36 42 
tymrjs 66 28 36 78 37 35 58 97 
hljz 80 59 46 59 42 52 
rcpb 99 16 44 56 
iqugta 28 64 14 30 87 29 79 
oxprurt 30 28 38 79 33 91 
oxwttge 30 54 42 97 71 58 
tctyphm 76 95 92 82 34 95 
kjopl 61 71 50 60 30 33 27 
ozimhxxq 61 86 26 64 12 11 99 
gwgooo 37 89 94 91 
sdgpmhh 18 54 41 36 34 
fpdrsy 49 75 80 77 14 29 56 24 
ppgdee 17 40 62 41 68 
oecqq 81 38 92 18 60 
ipecehl 75 24 33 52 45 24 85 
ymecl 72 69 17 86 22 82 94 
xesho 29 64 47 20 73 91 
ljvwl 27 37 39 11 43 78 42 
pamevwty 61 27 43 32 61 70 39 
tnwnp 33 67 48 67 74 46 
clrj 37 22 86 90 52 45 61 50 
vync 71 25 90 29 25 52 94 33 
gxww 21 37 10 82 47 97 
cdpom 75 98 55 74 
hufhwkh 96 57 75 20 18 65 80 27 
mmgvxjc 67 52 35 24 85 64 66 
sldz 18 91 26 69 32 32 33 
cnbqyxa 88 92 23 17 21 
xdonp 74 20 17 17 
ohuvogld 13 96 69 73 91 56 44 
qdjfqte 86 99 46 98 99 15 14 38 
waqezdlm 46 19 62 70 
vqciewg 30 46 59 58 
cyvzsa 41 50 43 14 29 
ixwxkp 52 29 30 81 15 45 
vnbim 99 86 76 60 
cwlfkff 79 87 25 42 22 47 30 23 
lciv 37 60 89 95 35 57 
xjcrtu 83 85 63 90 56 
xhoaf 66 24 78 75 92 85 41 26 
sqorqmq 76 36 36 53 83 
erzoo 79 61 94 37 20 64 45 
hyff 89 58 10 42 86 75 
jcvxqg 70 30 81 63 28 66 68 
ehpnhky 89 28 41 87 
ludhr 26 23 85 85 
ytkxlb 93 84 19 36 60 
xhgscz 40 89 60 83 
gnwfpd 99 10 71 31 84 84 
jncy 56 18 70 40 60 38 
hwdva 56 53 88 45 96 97 
ydlx 65 50 91 23 78 18 76 37 
tuswzums 98 32 62 46 98 27 
wfxyaaay 48 96 37 23 93 11 41 
wyax 34 54 62 34 89 41 43 57 
erazs 75 70 62 36 16 
hjfc 70 78 85 79 
jtpqdljh 37 65 36 75 92 96 37 62 
qwsokldz 26 46 97 44 80 
fzxfjq 59 70 27 20 36 93 
bkmzdn 52 92 52 30 15 
yavox 15 80 21 12 
ktua 47 23 10 56 52 53 69 32 
nfdiuehu 22 82 65 93 
rnklsmdu 80 55 76 29 38 85 
ubzybl 56 83 60 61 
jdspx 56 23 56 35 
tzlkor 78 57 64 58 79 30 89 
cjwk 27 70 78 13 28 27 11 
itvycic 47 16 13 56 38 76 
zteyctmu 11 46 63 32 36 90 
aioii 71 63 34 48 57 
rtdxvd 98 70 74 56 84 41 15 36 
lqjoevaj 47 27 57 16 33 95 
prtkrl 69 36 81 28 10 
zrphzlce 68 34 33 71 
veops 93 89 82 33 57 98 59 
jstzflv 24 69 58 13 
tkmgyco 38 16 67 55 17 37 91 35 
sxql 92 48 67 96 13 15 38 
xixi 73 68 86 30 87 63 96 90 
qmarvxu 60 27 15 65 82 26 60 
fktqjdcu 79 20 63 47 47 63 75 
saqwxtb 95 14 68 51 93 
vyto 17 75 27 69 23 84 78 83 
suvzwzt 83 86 70 23 83 29 
nkznqdqi 60 48 93 26 40 68 
xrxo 56 69 64 34 79 19 97 
bdwjmhj 54 45 33 22 60 57 57 25 
imozyf 58 56 45 66 39 
ssccrifw 19 57 47 28 72 71 84 
usdgzxl 20 76 50 28 
qgqoe 23 95 99 27 98 36 
qgbdnrsm 59 57 83 81 87 95 22 
owff 83 78 47 65 
qwzggtl 77 75 80 35 50 62 58 
bwvna 90 99 27 97 12 
xczozqi 52 35 77 77 
koqmqhca 34 11 35 90 57 98 18 
ekjqzv 70 62 40 82 74 67 35 
yvysdk 34 74 80 48 42 35 50 
ohefnas 87 80 59 85 37 77 
ewtz 84 29 40 36 55 80 68 
eiqwhne 90 85 62 13 33 
ryesugdh 93 22 42 20 21 75 
gnrd 42 47 73 16 43 24 57 
qlwq 84 81 76 78 65 84 
kivbujfi 59 40 99 12 28 63 40 81 
jonhgust 99 43 95 66 22 98 13 16 
mfhpz 39 38 59 37 62 
scrldu 38 79 39 95 62 42 
hhyipq 88 55 77 48 74 45 85 59 
pwvttg 16 86 31 22 69 78 51 90 
zfsoayxz 17 19 11 68 10 65 
catm 68 81 14 37 
xwkt 25 49 71 43 65 79 
wlphlgd 22 47 84 85 45 95 19 68 
xvkh 97 32 38 29 13 11 51 91 
angod 93 61 21 59 16 
shhtif 20 54 64 38 23 
xbbdu 99 33 90 66 90 26 12 
cxfgr 92 52 29 12 24 19 40 
bnqgu 95 60 66 38 
wgtoc 45 31 29 46 
cgqhbcz 89 23 96 68 51 10 74 
vllvm 45 13 69 40 71 78 95 87 
hqak 62 12 15 38 
qyxj 68 77 43 54 16 
bjiou 94 33 89 95 32 33 87 37 
dobfu 20 62 84 45 98 64 68 
pmvkhozh 81 88 14 88 12 
gltlvei 91 56 64 34 
nsugjq 50 12 36 35 53 23 44 
crtvl 46 33 65 93 12 37 14 
zcsctleg 97 25 75 83 
kzdqo 60 66 43 83 97 
syqncsd 20 57 82 39 
yrghrw 64 26 67 27 
ridxpd 86 28 47 83 98 64 
rykxtl 10 61 67 27 30 24 
fhqyu 48 93 10 82 25 91 15 
qmdlt 66 47 68 52 18 92 44 
wfyryhcw 14 74 55 52 49 
ibujopg 88 55 45 62 94 52 44 
qtes 41 88 80 74 71 71 22 63 
gnvxe 37 23 39 86 18 95 24 64 
radqee 92 17 18 52 68 63 
sdwelpd 54 66 91 19 65 48 
zvtvjxyd 33 49 64 72 
ghonucw 78 69 51 53 
bdwkbe 44 42 93 74 46 
tjvtoqo 81 60 50 63 97 
dolgj 63 20 61 87 79 87 15 11 
aqwo 79 40 45 61 
mrfzf 42 92 29 56 84 
wwpdyjvc 27 17 88 18 
gltmj 84 59 92 39 68 47 53 92 
tnwmqqj 84 16 93 31 22 32 64 
xdvr 82 91 97 50 58 
hlwdxloz 34 20 52 23 
tcex 26 30 86 54 23 
xdaqvssd 72 60 76 49 74 
qenafbc 83 77 18 63 31 23 
jcsxoh 13 39 35 81 57 33 
seendub 37 92 96 91 79 28 11 61 
cmcvov 30 56 47 44 16 95 
npkunkkc 48 54 99 75 71 
vygunpa 26 98 99 53 10 15 10 
ehlge 69 83 18 13 91 
psou 15 40 65 50 
ikgqtuf 14 24 46 43 46 73 34 15 
mjhpua 92 36 20 50 51 89 78 20 
yhitauz 50 85 47 89 18 39 92 
kahml 19 83 74 15 63 70 
lqdiuoee 46 70 82 35 36 79 91 
vzzrfr 77 84 48 24 52 75 
obxuoj 57 98 24 78 95 79 
oppnn 53 66 77 97 18 25 25 
kozu 52 96 56 99 10 73 83 89 
fbjejaz 83 84 57 11 36 83 
mmemh 63 60 32 42 98 16 
lqaefzs 98 19 51 59 29 38 
cjeumcjd 50 89 75 95 37 58 20 58 
njbjalq 57 92 86 17 39 19 41 
hwddxo 23 54 13 13 
lrjx 67 66 14 25 
ooerctee 31 37 27 57 49 52 86 14 
kyxjsxp 91 23 15 16 19 
gkvypxf 40 28 83 78 89 73 
jtgr 87 41 98 97 
yxdznp 64 46 79 23 53 
jobic 85 74 62 45 
tqhp 14 22 81 70 13 
cdcc 38 33 51 10 87 36 50 62 
ofnuqnp 53 81 59 74 
ebnlig 29 63 20 18 86 47 
cujwh 85 51 67 82 94 
ffkbyke 33 97 89 65 25 40 92 
mvqthe 71 57 63 91 87 53 
ggoewvr 43 46 18 74 
blqgp 17 97 15 81 81 13 
qcocq 94 19 42 47 55 37 18 
tzas 76 10 26 72 65 55 
kiqma 98 68 25 99 31 33 97 
dvfuyurl 40 29 19 86 
amcadun 34 94 77 30 
shxmg 93 30 79 58 78 16 45 
vrasucu 30 67 70 54 33 41 96 47 
iiczp 40 50 64 58 49 36 92 57 
emocimlm 65 24 63 99 76 98 74 73 
fmua 84 65 28 84 10 39 33 
dmzeiegq 29 13 62 65 
qkmvw 44 25 62 83 14 
dvmzg 59 10 68 10 81 40 
alguqcnq 17 74 24 38 88 
szjwsdg 20 97 52 63 92 
gdndby 32 44 38 43 
lzxsqbjw 41 67 40 91 51 48 99 
lgbx 12 96 51 90 66 
nrnum 94 69 11 38 97 98 77 11 
knkj 74 33 90 42 33 
elzbgiq 80 82 64 99 78 43 
xzkghsk 82 77 75 26 
gxnydqvt 35 32 69 77 
kehtliau 40 48 36 74 
mfiej 68 35 45 85 
zcrf 77 11 71 80 
fbyqmh 96 25 92 87 51 
igpqmwf 21 27 82 85 83 
hddwe 29 60 77 28 55 17 
gvlzmjbm 86 74 90 91 88 19 
pksbxee 47 42 75 22 30 
malpuswi 90 99 62 78 97 94 
caytbtuz 61 42 26 68 78 
rvrwgixz 31 44 85 54 50 25 91 14 
kjpqz 44 97 59 99 57 
jfmqlf 99 77 47 80 37 39 
nlerl 88 32 78 12 15 11 19 53 
zgewxcc 26 78 84 54 98 15 
bancuej 92 28 86 30 63 
vowdlry 17 11 25 24 
fhtld 81 88 26 64 
xrwdvrkc 76 87 65 22 40 94 12 
gydmhr 32 60 38 54 26 40 83 15 
ezzvvj 42 16 71 38 32 
qzvadtd 94 24 82 13 34 93 
nbdlrqhv 25 66 92 32 58 
xdorkvm 40 80 47 91 91 
gvpif 48 61 37 15 
gsdy 55 11 78 45 
mcgb 91 39 78 66 61 81 48 53 
zosctfny 19 48 83 69 71 
rkuxyjpw 56 52 95 79 51 91 
gxwul 79 47 21 38 
bzrq 18 11 38 18 63 43 
psmwi 37 53 97 33 42 
ouxt 18 90 74 10 54 50 67 
eatqbm 76 61 67 86 23 53 
pwweght 14 76 65 66 
bnjhxd 40 83 20 83 16 24 57 58 
kekgerqq 32 60 69 16 
oykm 82 46 56 83 89 
stmd 91 65 62 63 34 82 40 21 
onchig 47 59 71 20 76 55 21 
mfffs 66 13 19 95 
fbeos 31 37 52 82 81 
btljhz 51 80 27 31 
gbbdhlsi 68 81 71 30 18 
outfvexd 63 20 86 77 
tbcrk 72 56 56 11 
goqv 63 64 26 64 
frnymop 90 77 37 65 22 
eihxy 78 87 96 67 81 42 94 
dyaf 52 34 14 14 83 29 27 56 
fcegtpcy 50 23 31 94 74 
qsydymv 54 62 55 54 31 85 19 
opfymrm 95 74 10 30 
mdiu 10 62 33 43 77 62 
lvli 44 74 15 77 60 
bmewwh 15 72 91 73 20 18 22 27 
xkmtuhev 14 39 65 96 75 
xwgcnoy 74 72 94 82 57 
tepqtibd 77 97 40 45 
aqyd 48 85 55 91 43 74 68 10 
dvloy 88 42 24 96 57 92 61 
uwkz 97 82 35 58 
dsbvqqi 26 21 94 89 78 18 47 17 
pxflce 33 60 30 25 14 93 
rdiaq 44 71 39 63 90 38 53 
epunu 84 14 61 33 64 79 74 
ewsq 98 51 79 18 92 
xjvotjvj 52 53 10 85 89 13 77 20 
etqk 41 93 71 85 78 66 
kewfekr 64 51 57 23 
eigutwig 43 47 69 65 75 
wmbr 37 95 88 44 44 80 47 51 
jyddyct 62 22 24 16 16 23 
arpfobg 19 55 22 94 
oiqpqtxt 48 43 90 47 
smgtx 89 97 95 95 
bipfim 97 10 65 63 20 72 42 
asix 50 64 56 32 
vxkhcqpq 68 57 66 75 42 38 61 68 
ehhjtzy 44 97 11 12 52 
pspbmyko 49 51 31 33 72 24 49 19 
dmkrbhd 87 81 32 43 99 85 
lorqcjk 43 27 25 34 51 72 12 
uibjgnqq 25 56 80 24 72 
mgmrcem 10 11 23 14 75 
qypchhg 16 20 87 79 64 84 21 42 
bpjjzr 28 76 12 21 
uioiv 95 11 92 95 40 
zswp 33 40 75 65 88 29 66 68 
vwnrmfzg 69 85 88 65 77 51 
bmvwt 33 48 91 61 21 77 
ewqyc 72 64 59 31 77 84 36 
xgrj 39 48 39 22 59 34 90 58 
pxarr 57 37 11 23 76 60 15 60 
gbvocyuz 17 75 74 59 38 
ocyy 14 26 11 50 61 54 63 
awhxkhal 22 86 85 51 10 84 
xockdraa 74 92 31 38 59 14 95 
lspdlq 30 60 76 90 27 
tfwahg 68 21 32 88 13 28 
tiqfyrhd 46 20 28 14 26 25 64 
nezumci 37 71 64 77 72 71 57 24 
hcnscqkc 43 68 59 85 
spzotkd 78 55 96 74 60 
owwq 93 69 67 55 26 73 
gimw 54 51 25 65 66 26 45 98 
slaq 83 13 62 19 35 16 18 10 
utiy 37 41 35 13 
durgod 39 34 90 67 44 
igpsg 75 54 73 45 70 87 
tqmb 82 94 97 43 21 51 17 30 
mquowldn 65 82 62 26 24 32 36 84 
zmsrzq 42 74 41 29 
vhinj 47 81 34 60 
wsda 42 67 78 42 
tqwf 76 72 12 72 91 91 43 65 
vroovjft 92 66 12 23 67 75 
nglsshi 69 19 80 23 76 24 44 17 
zgkxysp 54 55 24 89 40 64 48 
kxjflk 10 93 64 78 
zinwtxs 25 15 29 68 18 97 27 
skilhsd 89 82 79 14 
rfipqq 83 93 17 76 50 20 82 23 
jhgahxwj 68 70 64 52 89 41 
jjlt 35 97 98 91 
muiny 63 41 92 63 55 13 
vfhvsjtk 76 43 78 86 37 
aleiztj 87 33 43 45 54 
vnsjbju 60 74 45 13 
ynqg 78 18 89 28 23 
dfedgau 38 45 68 92 26 41 
pvwbnuh 74 52 76 83 90 84 
nsiimb 47 27 26 51 61 61 25 
ufsikdvw 25 80 39 70 79 43 61 15 
wadbfzr 26 24 45 54 26 53 92 24 
avzjaoxr 92 93 73 34 20 94 32 44 
jswf 80 34 85 63 35 20 
mhjc 71 51 91 45 87 
fcct 58 55 61 50 
qbeb 77 22 15 60 82 78 79 
nezr 95 50 37 62 82 12 
hwhrgvt 80 43 25 12 37 
vhpvsnlc 89 45 25 46 
fgenzg 69 73 71 26 72 
sign 33 78 66 33 68 
pxwlds 48 95 92 47 79 32 
avspe 95 80 46 15 39 54 60 
kxzybnie 80 74 68 35 
hlpxn 58 96 16 49 82 30 93 77 
jhtjqfj 29 54 90 60 31 12 82 
wtzefp 97 45 33 87 
futv 22 32 25 35 75 88 
pdfs 81 55 16 10 75 
dbdzvn 57 54 72 70 67 42 55 17 
kasgyr 31 80 79 78 17 97 25 54 
ookfp 22 44 18 72 25 94 89 
vfnor 89 70 25 34 26 19 24 95 
udwuxql 31 34 75 81 
qaqsjrq 94 38 82 27 66 14 48 39 
aryevo 75 86 90 64 11 
eqmppc 28 43 18 19 17 67 66 
vzeemwwa 12 77 14 10 12 12 73 79 
dnaq 59 12 59 51 62 53 
rslrd 11 78 21 76 55 54 
acpttd 13 96 54 10 12 18 
wvnkrv 28 52 29 51 
bbgp 50 19 39 60 94 96 42 28 
itfdrc 17 20 10 97 66 27 19 
fspjhcg 86 78 97 27 74 49 
plbqzjb 35 57 89 19 19 21 84 78 
jsntzzio 48 40 40 29 94 37 89 29 
dfwd 55 16 38 81 80 75 92 
lwnc 30 98 17 20 
pbyqu 13 32 61 58 94 72 
vviztcbd 42 67 33 87 32 84 98 
ekkfkzn 27 40 14 25 74 
uwpiikt 83 85 95 67 75 
giecrpw 15 21 30 34 25 42 79 
zkxnr 75 88 78 97 
apludlb 84 41 41 39 17 93 
wpigfrcd 74 57 69 62 
bterr 63 35 26 92 76 67 
tviwl 29 36 83 70 12 
raah 36 64 74 24 61 
orzg 24 15 60 16 35 41 53 60 
kmwbcru 89 91 23 28 12 38 76 27 
omtk 37 39 10 11 
eiexvjvw 50 54 72 98 52 28 18 
mmkempnj 50 42 46 87 25 64 
vpymrguj 32 23 27 68 
htniwl 30 47 29 92 52 28 67 
zsht 17 64 31 89 85 17 97 95 
pfhatic 23 26 28 33 22 
nidzh 68 68 24 14 96 
mnup 27 46 34 78 51 
bnofajlj 99 96 32 77 17 
sefxn 15 79 34 24 52 47 29 70 
dnrluzlw 39 45 70 44 22 
clzyst 73 19 73 22 82 
fwlu 63 24 35 35 43 92 43 
pysqlhla 57 44 20 14 96 29 91 
kumoyy 66 71 50 64 70 86 91 
eemnq 18 64 85 75 65 88 22 72 
kfzblt 33 24 83 89 22 45 36 
qwjia 89 86 14 69 65 
jjrjuuu 29 98 56 33 20 18 77 42 
yaxlhw 57 77 60 16 63 81 
sejw 36 79 96 47 47 77 80 
lclp 32 91 62 20 
knfaoy 96 91 34 54 87 38 
dburfwk 52 85 23 97 88 91 
efau 11 43 63 16 22 13 45 20 
wdlhfecv 21 93 37 57 88 
prolq 85 57 45 59 60 95 
hbzfpqic 73 41 73 77 25 99 46 
dvsly 63 64 70 61 
zuenmsdp 22 12 42 30 61 30 95 61 
fbpns 87 33 34 41 
avexuurs 70 57 49 92 
nfbq 43 54 75 60 
